% Version:            COMSOL 6.3.0.290
% Date:               May 28 2026, 02:31
% Table:              SoC_OCV - SoC data
% SoC                          OCV (V)   
0.99                          3.2999172512050223
0.9889837719896358            3.341686432754333
0.9879675439792718            3.3779891234625983
0.9869513159689076            3.408849387133661
0.9859350879585436            3.434805809599623
0.9849188599481794            3.4563267958318526
0.9839026319378154            3.473877874593016
0.9828864039274512            3.4879261560173718
0.9818701759170871            3.4989387361762017
0.980853947906723             3.5073826757180107
0.9798377198963589            3.513725037986895
0.9788214918859948            3.5184328823079167
0.9778052638756307            3.521973267079649
0.9767890358652666            3.5248134769231436
0.9757728078549025            3.5274106685401465
0.9747565798445383            3.5301011372579065
0.9737403518341743            3.532914835302013
0.9727241238238101            3.5357892594261724
0.9717078958134461            3.5386627912907933
0.9706916678030819            3.5414737474754645
0.9696754397927179            3.5441603505648165
0.9686592117823537            3.5466640428740295
0.9676429837719897            3.548952545194008
0.9666267557616255            3.5510440494467095
0.9656105277512614            3.5529695031900825
0.9645942997408973            3.5547596908393437
0.9635780717305332            3.556445386257525
0.9625618437201691            3.558057394235034
0.961545615709805             3.559624668491429
0.9605293876994409            3.561164838482755
0.9595131596890768            3.56267844898903
0.9584969316787126            3.5641624962746685
0.9574807036683486            3.5656140248249817
0.9564644756579844            3.5670300885853976
0.9554482476476204            3.568407732861612
0.9544320196372562            3.5697444868269237
0.9534157916268922            3.571040199569424
0.952399563616528             3.5722975270995776
0.951383335606164             3.573519588985498
0.9503671075957998            3.574709500999808
0.9493508795854357            3.575870376166272
0.9483346515750716            3.5770053258064296
0.9473184235647075            3.5781173021753663
0.9463021955543434            3.5792086706304205
0.9452859675439793            3.5802812233733645
0.9442697395336151            3.581336666649058
0.9432535115232511            3.5823767048475017
0.9422372835128869            3.5834030419303478
0.9412210555025229            3.584417378633587
0.9402048274921587            3.5854209821389036
0.9391885994817947            3.586413780408601
0.9381723714714305            3.5873946377301107
0.9371561434610665            3.588362311510296
0.9361399154507023            3.589315558259533
0.9351236874403381            3.590253136219312
0.9341074594299741            3.591173817651147
0.9330912314196099            3.5920770560239768
0.9320750034092459            3.592964014786431
0.9310587753988817            3.593836960532048
0.9300425473885177            3.5946982494949205
0.9290263193781535            3.595550239860005
0.9280100913677894            3.5963952881355095
0.9269938633574253            3.5972357244197672
0.9259776353470612            3.598073098501416
0.9249614073366971            3.5989073556209004
0.923945179326333             3.599737602485354
0.9229289513159689            3.6005628910583702
0.9219127233056048            3.601382271496461
0.9208964952952406            3.602194793139019
0.9198802672848766            3.602999529573541
0.9188640392745124            3.6037960112663514
0.9178478112641484            3.6045845430031616
0.9168315832537842            3.6053657534973977
0.9158153552434202            3.6061402910035176
0.914799127233056             3.606908801803757
0.913782899222692             3.607671933888695
0.9127666712123278            3.608430319471025
0.9117504432019637            3.6091843375177453
0.9107342151915996            3.609934021002384
0.9097179871812355            3.610679285787654
0.9087017591708714            3.611420043619721
0.9076855311605073            3.6121562048839886
0.9066693031501432            3.6128876813825794
0.9056530751397791            3.6136144017833227
0.904636847129415             3.6143365222687396
0.9036206191190509            3.6150544575905545
0.9026043911086867            3.615768686955965
0.9015881630983227            3.6164796930621836
0.9005719350879585            3.6171879590595735
0.8995557070775945            3.6178939664583787
0.8985394790672303            3.6185981606894564
0.8975232510568663            3.6193006037401405
0.8965070230465021            3.6200010033188628
0.8954907950361379            3.620699003911046
0.8944745670257739            3.6213942453410426
0.8934583390154098            3.6220863694161034
0.8924421110050457            3.6227750157433323
0.8914258829946815            3.6234598709194525
0.8904096549843175            3.6241409974372627
0.8893934269739534            3.6248187403586196
0.8883771989635892            3.625493477558657
0.8873609709532251            3.626165585469877
0.886344742942861             3.626835445039287
0.885328514932497             3.627503431943504
0.8843122869221328            3.6281698801169444
0.8832960589117687            3.628834770658108
0.8822798309014046            3.6294978892834338
0.8812636028910404            3.630159007981695
0.8802473748806764            3.630817899538708
0.8792311468703122            3.631474317404361
0.8782149188599482            3.632128043458991
0.877198690849584             3.6327789651890976
0.87618246283922              3.633427548583791
0.8751662348288558            3.6340745050487735
0.8741500068184918            3.634720547027055
0.8731337788081276            3.6353663880614975
0.8721175507977635            3.636012743338334
0.8711013227873994            3.636660307329724
0.8700850947770353            3.637309476097272
0.8690688667666712            3.637959554177776
0.8680526387563071            3.6386094685790047
0.867036410745943             3.6392581479093127
0.8660201827355789            3.6399045188302783
0.8650039547252147            3.6405475071033293
0.8639877267148507            3.6411860863907286
0.8629714987044865            3.6418197432844175
0.8619552706941225            3.642449296023695
0.8609390426837583            3.6430759481792694
0.8599228146733943            3.6437008984500006
0.8589065866630301            3.644325350020521
0.857890358652666             3.6449505039757675
0.8568741306423019            3.645577488296511
0.8558579026319378            3.646206864701089
0.8548416746215737            3.6468381024280125
0.8538254466112096            3.6474704036962193
0.8528092186008455            3.64810297487387
0.8517929905904813            3.64873502441112
0.8507767625801173            3.64936575741209
0.8497605345697532            3.649994441112522
0.848744306559389             3.6506206982111693
0.847728078549025             3.6512446760172956
0.8467118505386608            3.6518666336946026
0.8456956225282968            3.6524868282379632
0.8446793945179326            3.653105516318562
0.8436631665075685            3.6537229542363088
0.8426469384972044            3.6543393808419418
0.8416307104868403            3.654954951875487
0.8406144824764762            3.655569723741759
0.839598254466112             3.656183735874299
0.838582026455748             3.6567970283643074
0.8375657984453839            3.6574096413029853
0.8365495704350198            3.6580216147815316
0.8355333424246556            3.658632988891148
0.8345171144142915            3.659243806224759
0.8335008864039275            3.659854112615161
0.8324846583935633            3.6604639537290584
0.8314684303831992            3.6610733749356617
0.8304522023728351            3.6616824218008697
0.8294359743624711            3.662291140220979
0.8284197463521069            3.6628995493347105
0.8274035183417427            3.6635075925672655
0.8263872903313787            3.664115154070892
0.8253710623210145            3.664722110988942
0.8243548343106505            3.6653283409918567
0.8233386063002863            3.6659337212305303
0.8223223782899223            3.6665381294051684
0.8213061502795581            3.667141450672575
0.8202899222691941            3.6677435875649493
0.8192736942588299            3.6683444554882945
0.8182574662484658            3.6689439705057163
0.8172412382381017            3.6695420478704204
0.8162250102277376            3.670138603872921
0.8152087822173735            3.670733555246878
0.8141925542070094            3.6713268338130556
0.8131763261966453            3.671918402227352
0.8121600981862812            3.6725082399569247
0.811143870175917             3.6730963259722875
0.810127642165553             3.6736826408618435
0.8091114141551888            3.6742671651995904
0.8080951861448248            3.674849887658142
0.8070789581344606            3.675431008050655
0.8060627301240966            3.6760110795853365
0.8050465021137324            3.676590798601638
0.8040302741033684            3.677170868899994
0.8030140460930042            3.677751995736604
0.8019978180826401            3.678334882471773
0.800981590072276             3.678920200052164
0.7999653620619119            3.679508008129768
0.7989491340515478            3.6800975216955756
0.7979329060411837            3.6806876894532943
0.7969166780308196            3.6812774482061865
0.7959004500204554            3.681865734252093
0.7948842220100913            3.6824514836322395
0.7938679939997273            3.6830336837387647
0.7928517659893631            3.68361203925257
0.7918355379789991            3.684187075038506
0.7908193099686349            3.6847595068585717
0.7898030819582708            3.6853300571816896
0.7887868539479067            3.68589944951409
0.7877706259375425            3.686468406707364
0.7867543979271785            3.6870376001131215
0.7857381699168144            3.687607093265583
0.7847219419064503            3.688176387610127
0.7837057138960861            3.68874489482293
0.7826894858857221            3.6893120230585525
0.781673257875358             3.689877181102738
0.7806570298649939            3.6904397751335036
0.7796408018546297            3.690999293831353
0.7786245738442656            3.6915560268970022
0.7776083458339015            3.692110851857826
0.7765921178235374            3.692664700535319
0.7755758898131733            3.6932185072226633
0.7745596618028092            3.6937732044187834
0.7735434337924452            3.694329727430711
0.772527205782081             3.6948888697544318
0.7715109777717168            3.695450165869203
0.7704947497613528            3.696012448109014
0.7694785217509886            3.696574516245074
0.7684622937406246            3.6971351804166024
0.7674460657302604            3.697693254432771
0.7664298377198964            3.6982475620328823
0.7654136097095322            3.698797150049244
0.764397381699168             3.699342230675695
0.763381153688804             3.699883516371835
0.7623649256784399            3.7004217206345653
0.7613486976680759            3.700957557998097
0.7603324696577117            3.7014917436427908
0.7593162416473476            3.7020249827817326
0.7583000136369835            3.702557872469935
0.7572837856266194            3.7030906271935455
0.7562675576162553            3.703623326377175
0.7552513296058911            3.704156050653519
0.7542351015955271            3.7046888777360305
0.7532188735851629            3.7052218883458656
0.7522026455747988            3.705755145093426
0.7511864175644347            3.7062885601693045
0.7501701895540707            3.706821678276911
0.7491539615437065            3.707353931971563
0.7481377335333425            3.70788475338917
0.7471215055229783            3.708413573905223
0.7461052775126142            3.7089398272175647
0.7450890495022501            3.7094629930265457
0.7440728214918859            3.7099828954363927
0.7430565934815219            3.7104999861010994
0.7420403654711578            3.711014884095305
0.7410241374607937            3.711528206206705
0.7400079094504295            3.7120405695073133
0.7389916814400654            3.7125525915191604
0.7379754534297014            3.7130648526733703
0.7369592254193372            3.713577733035952
0.7359429974089731            3.7140913236126814
0.734926769398609             3.714605651131027
0.733910541388245             3.7151207429990096
0.7328943133778808            3.7156366266016403
0.7318780853675166            3.7161533284050785
0.7308618573571526            3.7166708318203576
0.7298456293467885            3.71718892121536
0.7288294013364244            3.7177071557503147
0.7278131733260602            3.7182250522748626
0.7267969453156962            3.7187421272330763
0.7257807173053321            3.7192578976912847
0.724764489294968             3.719771881282437
0.7237482612846038            3.7202836762012477
0.7227320332742397            3.720793168075824
0.7217158052638757            3.7213005078868946
0.7206995772535115            3.7218058904890414
0.7196833492431474            3.72230950969954
0.7186671212327833            3.722811558778535
0.7176508932224193            3.723312230986171
0.7166346652120551            3.7238117629806187
0.7156184372016909            3.7243105141875503
0.7146022091913269            3.7248089364982127
0.7135859811809627            3.72530749506051
0.7125697531705987            3.72580665291277
0.7115535251602345            3.7263068732541673
0.7105372971498705            3.7268086174027113
0.7095210691395064            3.7273121193201364
0.7085048411291421            3.7278170613479444
0.7074886131187781            3.7283227900492664
0.706472385108414             3.7288286188900064
0.70545615709805              3.729333861606424
0.7044399290876857            3.7298378321189634
0.7034237010773217            3.7303398503459535
0.7024074730669576            3.7308395684230886
0.7013912450565934            3.7313373108984846
0.7003750170462294            3.7318337274313924
0.6993587890358652            3.7323294943484946
0.6983425610255012            3.732825287088162
0.697326333015137             3.733321780004942
0.6963101050047729            3.73381964197052
0.6952938769944088            3.7343192522109767
0.6942776489840448            3.734820504520143
0.6932614209736806            3.7353231112512097
0.6922451929633164            3.735826771704785
0.6912289649529524            3.7363311858508688
0.6902127369425883            3.736836053806111
0.6891965089322242            3.7373410806550034
0.68818028092186              3.7378460995783795
0.687164052911496             3.7383511244121292
0.6861478249011319            3.738856218672175
0.6851315968907677            3.739361450273024
0.6841153688804036            3.7398668864947497
0.6830991408700395            3.7403725933494165
0.6820829128596755            3.740878643971072
0.6810666848493113            3.7413852140833654
0.6800504568389472            3.741892600119205
0.6790342288285831            3.7424011215961417
0.6780180008182191            3.742911098215798
0.6770017728078549            3.743422851404919
0.6759855447974907            3.7439367011773097
0.6749693167871267            3.74445293374845
0.6739530887767626            3.7449714014066244
0.6729368607663985            3.7454915510821323
0.6719206327560343            3.7460127723150327
0.6709044047456703            3.746534455294567
0.6698881767353062            3.747055988573204
0.668871948724942             3.747576759565971
0.6678557207145779            3.748096254033066
0.6668394927042138            3.7486148627736187
0.6658232646938498            3.7491336619642537
0.6648070366834856            3.749653779684451
0.6637908086731215            3.750176343671889
0.6627745806627574            3.7507024806269382
0.6617583526523934            3.751233335907941
0.6607421246420291            3.7517698866410756
0.659725896631665             3.7523117213967234
0.658709668621301             3.7528577121161217
0.6576934406109368            3.7534067188893085
0.6566772126005728            3.7539576045745973
0.6556609845902086            3.7545092282315875
0.6546447565798446            3.755060465356269
0.6536285285694805            3.7556105020594606
0.6526123005591162            3.7561598793776723
0.6515960725487522            3.7567097701647634
0.6505798445383881            3.757261356492102
0.649563616528024             3.757815819393747
0.6485473885176598            3.7583743392375633
0.6475311605072958            3.75893807319038
0.6465149324969317            3.7595078672428235
0.6454987044865675            3.7600836143613288
0.6444824764762034            3.760664838269373
0.6434662484658393            3.761251060615819
0.6424500204554753            3.7618418018732327
0.6414337924451111            3.7624365844921606
0.640417564434747             3.7630349321741705
0.6394013364243829            3.763636402241635
0.6383851084140189            3.76424062842412
0.6373688804036547            3.764847266348494
0.6363526523932905            3.765455972584113
0.6353364243829265            3.7660664056450255
0.6343201963725624            3.766678220638671
0.6333039683621983            3.767291160680925
0.6322877403518341            3.7679055591253334
0.63127151234147              3.768522795866911
0.630255284331106             3.7691445338848966
0.6292390563207418            3.769772434820317
0.6282228283103777            3.770408160411219
0.6272066003000136            3.7710533747061428
0.6261903722896496            3.7717095208684155
0.6251741442792854            3.772376856140224
0.6241579162689213            3.7730539715375877
0.6231416882585572            3.7737390818596124
0.6221254602481932            3.7744304049560475
0.621109232237829             3.7751261582118762
0.6200930042274648            3.7758245578243903
0.6190767762171008            3.7765240991681663
0.6180605482067367            3.7772244995722657
0.6170443201963726            3.777926850206401
0.6160280921860084            3.7786324993027183
0.6150118641756444            3.779342793184304
0.6139956361652802            3.7800590787970387
0.6129794081549161            3.78078270208849
0.611963180144552             3.78151481501103
0.6109469521341879            3.782255867918543
0.6099307241238239            3.7830056770931524
0.6089144961134596            3.7837639603279345
0.6078982681030956            3.7845304369500345
0.6068820400927315            3.78530482633685
0.6058658120823674            3.7860868478528333
0.6048495840720032            3.786876278559766
0.6038333560616391            3.7876730662960787
0.6028171280512751            3.7884772845047223
0.6018009000409109            3.7892890226199096
0.6007846720305468            3.7901083689517616
0.5997684440201827            3.7909354125926593
0.5987522160098186            3.7917702416819923
0.5977359879994545            3.7926129095284633
0.5967197599890903            3.7934633604064985
0.5957035319787263            3.7943214757196913
0.5946873039683622            3.7951871358124483
0.5936710759579982            3.7960602208118144
0.5926548479476339            3.7969406117175097
0.5916386199372698            3.797828192895841
0.5906223919269058            3.7987231064686995
0.5896061639165415            3.7996260231030368
0.5885899359061776            3.8005378591434935
0.5875737078958134            3.801459547318237
0.5865574798854494            3.802392022439785
0.5855412518750852            3.8033362153818873
0.584525023864721             3.804293043029664
0.583508795854357             3.8052627996475175
0.582492567843993             3.806244727755211
0.5814763398336288            3.8072376917911197
0.5804601118232646            3.808240530507441
0.5794438838129006            3.8092520835330843
0.5784276558025365            3.810271192074412
0.5774114277921724            3.811296730990533
0.5763951997818082            3.812328340400855
0.5753789717714441            3.8133667413261207
0.57436274376108              3.814412946596021
0.5733465157507159            3.815467984361564
0.5723302877403518            3.816532883630225
0.5713140597299877            3.8176086725769576
0.5702978317196236            3.8186963295124867
0.5692816037092594            3.819796035284393
0.5682653756988953            3.8209070449683917
0.5672491476885313            3.822028433936675
0.5662329196781672            3.823159270109501
0.565216691667803             3.8242986202209943
0.5642004636574389            3.825445553559183
0.5631842356470749            3.826599211465819
0.5621680076367108            3.827759643872715
0.5611517796263467            3.8289277600001324
0.5601355516159825            3.8301045761611046
0.5591193236056184            3.831291111083308
0.5581030955952544            3.8324883873094677
0.5570868675848902            3.833697423826827
0.5560706395745261            3.834919126562978
0.555054411564162             3.8361532993770093
0.5540381835537979            3.8373989066271927
0.5530219555434338            3.8386548658980564
0.5520057275330696            3.8399201599225394
0.5509894995227056            3.8411936105228874
0.5499732715123414            3.8424741339272197
0.5489570435019773            3.8437608204430607
0.5479408154916132            3.845053818337984
0.5469245874812492            3.846353903215704
0.545908359470885             3.847661859555933
0.5448921314605208            3.848978473762983
0.5438759034501568            3.8503045323254983
0.5428596754397927            3.851640807877651
0.5418434474294286            3.852987820282798
0.5408272194190644            3.8543450848984966
0.5398109914087004            3.8557116265919964
0.5387947633983362            3.857086465305947
0.5377785353879723            3.8584686187128256
0.536762307377608             3.859857106699323
0.5357460793672439            3.8612509651135447
0.5347298513568799            3.8626494405202836
0.5337136233465156            3.86405238807872
0.5326973953361517            3.8654599093718987
0.5316811673257875            3.866872105141811
0.5306649393154235            3.868289076747179
0.5296487113050593            3.8697109271543164
0.5286324832946951            3.87113777782754
0.5276162552843311            3.8725699358643935
0.526600027273967             3.874008115881547
0.5255837992636029            3.8754531667187098
0.5245675712532387            3.8769059382352227
0.5235513432428747            3.8783672780833824
0.5225351152325106            3.8798380373374335
0.5215188872221465            3.881318964197633
0.5205026592117823            3.8828101047277634
0.5194864312014182            3.8843102751050558
0.5184702031910541            3.885817968311572
0.51745397518069              3.887331677329377
0.5164377471703259            3.888849894468238
0.5154215191599618            3.890371110999733
0.5144052911495977            3.891893928156629
0.5133890631392335            3.893417568523566
0.5123728351288694            3.8949421155459065
0.5113566071185054            3.896467837023156
0.5103403791081413            3.8979950001345594
0.5093241510977771            3.899523872830122
0.508307923087413             3.9010547205328523
0.507291695077049             3.9025878567269245
0.5062754670666849            3.904123807335724
0.5052592390563206            3.905663331908467
0.5042430110459566            3.9072072312411814
0.5032267830355925            3.9087563056724983
0.5022105550252285            3.910311354970463
0.5011943270148643            3.9118731793791675
0.5001780990045002            3.9134423069156354
0.49916187099413606           3.9150182720312685
0.49814564298377195           3.916599735299667
0.4971294149734079            3.918185221789284
0.4961131869630438            3.919773261848056
0.49509695895267963           3.9213623845590178
0.4940807309423155            3.9229511193657602
0.4930645029319514            3.9245384012473634
0.49204827492158737           3.9261243532084267
0.49103204691122326           3.9277099424745154
0.4900158189008591            3.929296247586878
0.48899959089049494           3.930884344840042
0.4879833628801309            3.932475309931249
0.48696713486976684           3.93407021509397
0.4859509068594027            3.9356698040056766
0.4849346788490386            3.9372740223401257
0.48391845083867446           3.938882361229709
0.4829022228283103            3.9404942627414234
0.48188599481794625           3.9421091684038885
0.4808697668075822            3.943726520983984
0.47985353879721804           3.945345767032406
0.4788373107868539            3.9469665418616864
0.4778210827764898            3.948588860649377
0.4768048547661258            3.950212911186658
0.4757886267557616            3.9518388984318844
0.47477239874539745           3.9534670258253524
0.4737561707350334            3.9550974951511635
0.47273994272466924           3.9567304990470618
0.4717237147143052            3.9583658466862492
0.47070748670394114           3.960002708144795
0.469691258693577             3.961640026769371
0.4686750306832128            3.963276730123879
0.46765880267284876           3.964911746809527
0.4666425746624847            3.9665440072579727
0.46562634665212055           3.968172482494134
0.4646101186417564            3.9697971744369855
0.46359389063139234           3.971419526631916
0.4625776626210282            3.9730413546242187
0.4615614346106641            3.9746644990475333
0.46054520660029996           3.976290799493796
0.4595289785899359            3.977922091584599
0.45851275057957175           3.9795601365039657
0.4574965225692076            3.981205274097553
0.45648029455884365           3.9828562041543916
0.4554640665484795            3.984511334237139
0.4544478385381153            3.9861690562953864
0.45343161052775127           3.9878277624556175
0.4524153825173871            3.9894858449579047
0.45139915450702306           3.991141764154443
0.4503829264966589            3.9927949334665596
0.44936669848629485           3.994445664064733
0.4483504704759307            3.99609436294217
0.4473342424655665            3.9977414402050577
0.4463180144552026            3.9993873079765643
0.4453017864448384            4.001032375509462
0.44428555843447426           4.002677101856
0.4432693304241102            4.004322486802706
0.44225310241374605           4.005969928095938
0.441236874403382             4.007620820842746
0.44022064639301783           4.009276568056964
0.4392044183826538            4.010938567970547
0.4381881903722896            4.012608212161512
0.43717196236192546           4.014286593049475
0.4361557343515614            4.015973066550009
0.43513950634119736           4.017665943651324
0.4341232783308332            4.019363522864171
0.43310705032046903           4.021064100826529
0.432090822310105             4.02276597384564
0.43107459429974093           4.024467457476928
0.43005836628937677           4.02616720933891
0.4290421382790127            4.02786520855971
0.42802591026864856           4.029562088084475
0.4270096822582844            4.031258485103613
0.42599345424792034           4.032955036102635
0.4249772262375563            4.034652378253295
0.42396099822719213           4.036351146211176
0.42294477021682797           4.038051955781055
0.4219285422064639            4.0397553672847195
0.42091231419609987           4.041461913251757
0.4198960861857357            4.043172129620969
0.41887985817537154           4.044886550376694
0.4178636301650075            4.046605710855432
0.41684740215464333           4.048330125344878
0.4158311741442793            4.050060130182734
0.41481494613391523           4.051795677174427
0.41379871812355107           4.053536592785029
0.4127824901131869            4.055282701804949
0.41176626210282286           4.057033830208876
0.4107500340924588            4.058789803546397
0.40973380608209464           4.060550443672971
0.4087175780717305            4.062315542983011
0.40770135006136643           4.064084844661772
0.40668512205100227           4.065858078696304
0.4056688940406382            4.067634976048263
0.40465266603027406           4.069415265751329
0.40363643801991              4.071198678760079
0.40262021000954584           4.072984995731671
0.4016039819991817            4.0747742771271245
0.40058775398881774           4.076566952302834
0.3995715259784536            4.078363534629259
0.3985552979680894            4.080164537678126
0.39753906995772537           4.08197047483855
0.3965228419473612            4.083781859226928
0.39550661393699715           4.085599097967014
0.394490385926633             4.087422129484293
0.39347415791626894           4.0892503952846315
0.3924579299059048            4.0910832410190725
0.3914417018955406            4.092920012892658
0.39042547388517657           4.094760057110431
0.3894092458748125            4.096602720379394
0.38839301786444835           4.098447519168111
0.3873767898540843            4.1002945777643935
0.38636056184372014           4.102144539936406
0.3853443338333561            4.103998135448487
0.38432810582299193           4.105856091561526
0.3833118778126279            4.107719137288697
0.3822956498022637            4.109587998985462
0.38127942179189955           4.111463197521516
0.3802631937815355            4.11334464639015
0.37924696577117145           4.115231842033498
0.3782307377608073            4.117124222993633
0.3772145097504431            4.119021228193527
0.3761982817400791            4.120922296761153
0.375182053729715             4.122826871214888
0.37416582571935086           4.124734624304898
0.3731495977089868            4.126645792379905
0.37213336969862265           4.12856092398072
0.3711171416882585            4.130480602688002
0.37010091367789444           4.132405411366125
0.3690846856675304            4.134335932879459
0.3680684576571662            4.136272743114224
0.36705222964680206           4.138216046233971
0.366036001636438             4.140165293891133
0.36501977362607396           4.142119608476832
0.3640035456157098            4.144078081992319
0.36298731760534564           4.14603980747615
0.3619710895949816            4.148003879004185
0.3609548615846174            4.149969400846806
0.3599386335742534            4.151935972754171
0.3589224055638893            4.153904028008005
0.35790617755352516           4.155874277602216
0.356889949543161             4.157847454831445
0.35587372153279695           4.159824291243849
0.3548574935224329            4.1618055169137875
0.35384126551206874           4.163791855907994
0.3528250375017046            4.1657837645033045
0.3518088094913405            4.167781325067191
0.35079258148097636           4.169784530753827
0.3497763534706123            4.171793368524054
0.34876012546024815           4.173807825889158
0.3477438974498841            4.17582788962904
0.34672766943951994           4.177853543698949
0.3457114414291558            4.179884657873399
0.34469521341879183           4.181920973050998
0.3436789854084277            4.183962210259291
0.3426627573980635            4.18600808895688
0.34164652938769946           4.188058330385971
0.3406303013773353            4.190112652165596
0.33961407336697125           4.192170777355142
0.3385978453566071            4.194232443952384
0.33758161734624303           4.19629740844752
0.3365653893358789            4.198365428237391
0.3355491613255147            4.200436262711364
0.33453293331515066           4.202509682100989
0.3335167053047866            4.204585438981711
0.33250047729442245           4.206663365391773
0.3314842492840583            4.208744209542688
0.33046802127369423           4.2108293851207454
0.3294517932633301            4.21292031094653
0.328435565252966             4.215018409805213
0.32741933724260197           4.217125105377515
0.3264031092322378            4.21924181581554
0.32538688122187365           4.221369856813166
0.3243706532115096            4.223509999983641
0.32335442520114555           4.225662675022392
0.3223381971907814            4.227828311742355
0.3213219691804172            4.230007340359599
0.32030574117005317           4.232200188030259
0.319289513159689             4.23440728780554
0.31827328514932496           4.236629111317131
0.3172570571389609            4.238866282108811
0.31624082912859675           4.241119498018009
0.3152246011182326            4.243389460240754
0.31420837310786853           4.245676866131379
0.3131921450975045            4.247982410284119
0.3121759170871403            4.250307082318094
0.31115968907677616           4.252655028158812
0.3101434610664121            4.255038535261225
0.30912723305604795           4.257473419806091
0.3081110050456839            4.259975501334164
0.30709477703531973           4.2625606025058005
0.3060785490249557            4.265244545447892
0.3050623210145915            4.268043151869071
0.30404609300422736           4.270972245344111
0.3030298649938634            4.274047647656257
0.30201363698349926           4.277285184129899
0.3009974089731351            4.280700661795354
0.29998118096277104           4.28430981975113
